[gd_scene load_steps=8 format=3 uid="uid://cb36gbar6tdv"]

[ext_resource type="PackedScene" uid="uid://dnj8dlx4y3qhe" path="res://assets/models/placeholderguard/figure.tscn" id="1_a4vwu"]
[ext_resource type="Script" uid="uid://c16qi3cfubcaj" path="res://scripts/guardVisuals.gd" id="1_m4837"]
[ext_resource type="Script" uid="uid://do6j7x0mu2ywy" path="res://scripts/gurad_search_player.gd" id="3_k7l5m"]

[sub_resource type="Animation" id="Animation_k7l5m"]
length = 0.001
tracks/0/type = "bezier"
tracks/0/imported = false
tracks/0/enabled = true
tracks/0/path = NodePath("RotationAnimator/HopAnimator:position:x")
tracks/0/interp = 1
tracks/0/loop_wrap = true
tracks/0/keys = {
"handle_modes": PackedInt32Array(0),
"points": PackedFloat32Array(0, -0.25, 0, 0.25, 0),
"times": PackedFloat32Array(0)
}
tracks/1/type = "bezier"
tracks/1/imported = false
tracks/1/enabled = true
tracks/1/path = NodePath("RotationAnimator/HopAnimator:position:y")
tracks/1/interp = 1
tracks/1/loop_wrap = true
tracks/1/keys = {
"handle_modes": PackedInt32Array(0),
"points": PackedFloat32Array(0, -0.25, 0, 0.25, 0),
"times": PackedFloat32Array(0)
}
tracks/2/type = "bezier"
tracks/2/imported = false
tracks/2/enabled = true
tracks/2/path = NodePath("RotationAnimator/HopAnimator:position:z")
tracks/2/interp = 1
tracks/2/loop_wrap = true
tracks/2/keys = {
"handle_modes": PackedInt32Array(0),
"points": PackedFloat32Array(0, -0.25, 0, 0.25, 0),
"times": PackedFloat32Array(0)
}
tracks/3/type = "bezier"
tracks/3/imported = false
tracks/3/enabled = true
tracks/3/path = NodePath("RotationAnimator/HopAnimator:rotation:x")
tracks/3/interp = 1
tracks/3/loop_wrap = true
tracks/3/keys = {
"handle_modes": PackedInt32Array(0),
"points": PackedFloat32Array(0, -0.25, 0, 0.25, 0),
"times": PackedFloat32Array(0)
}
tracks/4/type = "bezier"
tracks/4/imported = false
tracks/4/enabled = true
tracks/4/path = NodePath("RotationAnimator/HopAnimator:rotation:y")
tracks/4/interp = 1
tracks/4/loop_wrap = true
tracks/4/keys = {
"handle_modes": PackedInt32Array(0),
"points": PackedFloat32Array(0, -0.25, 0, 0.25, 0),
"times": PackedFloat32Array(0)
}
tracks/5/type = "bezier"
tracks/5/imported = false
tracks/5/enabled = true
tracks/5/path = NodePath("RotationAnimator/HopAnimator:rotation:z")
tracks/5/interp = 1
tracks/5/loop_wrap = true
tracks/5/keys = {
"handle_modes": PackedInt32Array(0),
"points": PackedFloat32Array(0, -0.25, 0, 0.25, 0),
"times": PackedFloat32Array(0)
}

[sub_resource type="Animation" id="Animation_m4837"]
resource_name = "hop"
tracks/0/type = "bezier"
tracks/0/imported = false
tracks/0/enabled = true
tracks/0/path = NodePath("RotationAnimator/HopAnimator:position:x")
tracks/0/interp = 1
tracks/0/loop_wrap = true
tracks/0/keys = {
"handle_modes": PackedInt32Array(0, 0, 0, 0),
"points": PackedFloat32Array(0, -0.25, 0, 0.25, 0, 0, -0.25, 0, 0.25, 0, 0, -0.25, 0, 0.25, 0, 0, -0.25, 0, 0.25, 0),
"times": PackedFloat32Array(0, 0.3, 0.6, 0.966667)
}
tracks/1/type = "bezier"
tracks/1/imported = false
tracks/1/enabled = true
tracks/1/path = NodePath("RotationAnimator/HopAnimator:position:y")
tracks/1/interp = 1
tracks/1/loop_wrap = true
tracks/1/keys = {
"handle_modes": PackedInt32Array(0, 0, 0, 0),
"points": PackedFloat32Array(0, -0.25, 0, 0.25, 0, 0.275543, -0.25, 0, 0.25, 0, 0.155541, -0.25, 0, 0.25, 0, 0, -0.25, 0, 0.25, 0),
"times": PackedFloat32Array(0, 0.3, 0.6, 0.966667)
}
tracks/2/type = "bezier"
tracks/2/imported = false
tracks/2/enabled = true
tracks/2/path = NodePath("RotationAnimator/HopAnimator:position:z")
tracks/2/interp = 1
tracks/2/loop_wrap = true
tracks/2/keys = {
"handle_modes": PackedInt32Array(0, 0, 0, 0),
"points": PackedFloat32Array(0, -0.25, 0, 0.25, 0, 0, -0.25, 0, 0.25, 0, 0.036328, -0.25, 0, 0.25, 0, 0, -0.25, 0, 0.25, 0),
"times": PackedFloat32Array(0, 0.3, 0.6, 0.966667)
}
tracks/3/type = "bezier"
tracks/3/imported = false
tracks/3/enabled = true
tracks/3/path = NodePath("RotationAnimator/HopAnimator:rotation:x")
tracks/3/interp = 1
tracks/3/loop_wrap = true
tracks/3/keys = {
"handle_modes": PackedInt32Array(0, 0, 0, 0),
"points": PackedFloat32Array(0, -0.25, 0, 0.25, 0, 0.368596, -0.25, 0, 0.25, 0, -0.211751, -0.25, 0, 0.25, 0, 0, -0.25, 0, 0.25, 0),
"times": PackedFloat32Array(0, 0.3, 0.6, 0.966667)
}
tracks/4/type = "bezier"
tracks/4/imported = false
tracks/4/enabled = true
tracks/4/path = NodePath("RotationAnimator/HopAnimator:rotation:y")
tracks/4/interp = 1
tracks/4/loop_wrap = true
tracks/4/keys = {
"handle_modes": PackedInt32Array(0, 0, 0, 0),
"points": PackedFloat32Array(0, -0.25, 0, 0.25, 0, -0.116571, -0.25, 0, 0.25, 0, 0.0203156, -0.25, 0, 0.25, 0, 0, -0.25, 0, 0.25, 0),
"times": PackedFloat32Array(0, 0.3, 0.6, 0.966667)
}
tracks/5/type = "bezier"
tracks/5/imported = false
tracks/5/enabled = true
tracks/5/path = NodePath("RotationAnimator/HopAnimator:rotation:z")
tracks/5/interp = 1
tracks/5/loop_wrap = true
tracks/5/keys = {
"handle_modes": PackedInt32Array(0, 0, 0, 0),
"points": PackedFloat32Array(0, -0.25, 0, 0.25, 0, -0.282621, -0.25, 0, 0.25, 0, 0.331883, -0.25, 0, 0.25, 0, 0, -0.25, 0, 0.25, 0),
"times": PackedFloat32Array(0, 0.3, 0.6, 0.966667)
}

[sub_resource type="AnimationLibrary" id="AnimationLibrary_d2mtx"]
_data = {
&"RESET": SubResource("Animation_k7l5m"),
&"hop": SubResource("Animation_m4837")
}

[sub_resource type="BoxMesh" id="BoxMesh_m4837"]

[node name="Guard" type="Node3D" node_paths=PackedStringArray("AnimPlayer", "HopAnimator", "RotationAnimator")]
script = ExtResource("1_m4837")
AnimPlayer = NodePath("RotationAnimator/AnimationPlayer")
HopAnimator = NodePath("RotationAnimator/HopAnimator")
RotationAnimator = NodePath("RotationAnimator")

[node name="RotationAnimator" type="Node3D" parent="."]

[node name="AnimationPlayer" type="AnimationPlayer" parent="RotationAnimator"]
root_node = NodePath("../..")
libraries = {
&"": SubResource("AnimationLibrary_d2mtx")
}

[node name="HopAnimator" type="Node3D" parent="RotationAnimator"]

[node name="Visual" type="Node3D" parent="RotationAnimator/HopAnimator"]
transform = Transform3D(0.14, 0, 0, 0, 0.14, 0, 0, 0, 0.14, 0, -0.362254, 0)

[node name="figur2" parent="RotationAnimator/HopAnimator/Visual" instance=ExtResource("1_a4vwu")]

[node name="Node3D" type="Node3D" parent="RotationAnimator"]
script = ExtResource("3_k7l5m")

[node name="RayCast3D" type="RayCast3D" parent="RotationAnimator/Node3D"]
transform = Transform3D(-4.37114e-08, 0, 1, 0, 1, 0, -1, 0, -4.37114e-08, 0, 0, 0)
target_position = Vector3(0, 0, -0.25)
collision_mask = 3
collide_with_areas = true
debug_shape_custom_color = Color(1, 0.447059, 0, 1)

[node name="RayCast3D2" type="RayCast3D" parent="RotationAnimator/Node3D"]
transform = Transform3D(0.0871558, 0, 0.996195, 0, 1, 0, -0.996195, 0, 0.0871558, 0, 0, 0)
target_position = Vector3(0, 0, -0.25)
collision_mask = 3
collide_with_areas = true
debug_shape_custom_color = Color(1, 0.447059, 0, 1)

[node name="RayCast3D3" type="RayCast3D" parent="RotationAnimator/Node3D"]
transform = Transform3D(0.173648, 0, 0.984808, 0, 1, 0, -0.984808, 0, 0.173648, 0, 0, 0)
target_position = Vector3(0, 0, -0.25)
collision_mask = 3
collide_with_areas = true
debug_shape_custom_color = Color(1, 0.447059, 0, 1)

[node name="RayCast3D4" type="RayCast3D" parent="RotationAnimator/Node3D"]
transform = Transform3D(0.258819, 0, 0.965926, 0, 1, 0, -0.965926, 0, 0.258819, 0, 0, 0)
target_position = Vector3(0, 0, -0.26)
collision_mask = 3
collide_with_areas = true
debug_shape_custom_color = Color(1, 0.447059, 0, 1)

[node name="RayCast3D5" type="RayCast3D" parent="RotationAnimator/Node3D"]
transform = Transform3D(0.34202, 0, 0.939693, 0, 1, 0, -0.939693, 0, 0.34202, 0, 0, 0)
target_position = Vector3(0, 0, -0.34)
collision_mask = 3
collide_with_areas = true
debug_shape_custom_color = Color(1, 0.447059, 0, 1)

[node name="RayCast3D6" type="RayCast3D" parent="RotationAnimator/Node3D"]
transform = Transform3D(0.422618, 0, 0.906308, 0, 1, 0, -0.906308, 0, 0.422618, 0, 0, 0)
target_position = Vector3(0, 0, -0.42)
collision_mask = 3
collide_with_areas = true
debug_shape_custom_color = Color(1, 0.447059, 0, 1)

[node name="RayCast3D7" type="RayCast3D" parent="RotationAnimator/Node3D"]
transform = Transform3D(0.5, 0, 0.866025, 0, 1, 0, -0.866025, 0, 0.5, 0, 0, 0)
target_position = Vector3(0, 0, -0.5)
collision_mask = 3
collide_with_areas = true
debug_shape_custom_color = Color(1, 0.447059, 0, 1)

[node name="RayCast3D8" type="RayCast3D" parent="RotationAnimator/Node3D"]
transform = Transform3D(0.573576, 0, 0.819152, 0, 1, 0, -0.819152, 0, 0.573576, 0, 0, 0)
target_position = Vector3(0, 0, -0.57)
collision_mask = 3
collide_with_areas = true
debug_shape_custom_color = Color(1, 0.447059, 0, 1)

[node name="RayCast3D9" type="RayCast3D" parent="RotationAnimator/Node3D"]
transform = Transform3D(0.642788, 0, 0.766044, 0, 1, 0, -0.766044, 0, 0.642788, 0, 0, 0)
target_position = Vector3(0, 0, -0.64)
collision_mask = 3
collide_with_areas = true
debug_shape_custom_color = Color(1, 0.447059, 0, 1)

[node name="RayCast3D10" type="RayCast3D" parent="RotationAnimator/Node3D"]
transform = Transform3D(0.707107, 0, 0.707107, 0, 1, 0, -0.707107, 0, 0.707107, 0, 0, 0)
target_position = Vector3(0, 0, -0.71)
collision_mask = 3
collide_with_areas = true
debug_shape_custom_color = Color(1, 0.447059, 0, 1)

[node name="RayCast3D11" type="RayCast3D" parent="RotationAnimator/Node3D"]
transform = Transform3D(0.766044, 0, 0.642788, 0, 1, 0, -0.642788, 0, 0.766044, 0, 0, 0)
target_position = Vector3(0, 0, -0.77)
collision_mask = 3
collide_with_areas = true
debug_shape_custom_color = Color(1, 0.447059, 0, 1)

[node name="RayCast3D12" type="RayCast3D" parent="RotationAnimator/Node3D"]
transform = Transform3D(0.819152, 0, 0.573576, 0, 1, 0, -0.573576, 0, 0.819152, 0, 0, 0)
target_position = Vector3(0, 0, -0.82)
collision_mask = 3
collide_with_areas = true
debug_shape_custom_color = Color(1, 0.447059, 0, 1)

[node name="RayCast3D13" type="RayCast3D" parent="RotationAnimator/Node3D"]
transform = Transform3D(0.866025, 0, 0.5, 0, 1, 0, -0.5, 0, 0.866025, 0, 0, 0)
target_position = Vector3(0, 0, -0.87)
collision_mask = 3
collide_with_areas = true
debug_shape_custom_color = Color(1, 0.447059, 0, 1)

[node name="RayCast3D14" type="RayCast3D" parent="RotationAnimator/Node3D"]
transform = Transform3D(0.906308, 0, 0.422618, 0, 1, 0, -0.422618, 0, 0.906308, 0, 0, 0)
target_position = Vector3(0, 0, -0.91)
collision_mask = 3
collide_with_areas = true
debug_shape_custom_color = Color(1, 0.447059, 0, 1)

[node name="RayCast3D15" type="RayCast3D" parent="RotationAnimator/Node3D"]
transform = Transform3D(0.939693, 0, 0.34202, 0, 1, 0, -0.34202, 0, 0.939693, 0, 0, 0)
target_position = Vector3(0, 0, -0.94)
collision_mask = 3
collide_with_areas = true
debug_shape_custom_color = Color(1, 0.447059, 0, 1)

[node name="RayCast3D16" type="RayCast3D" parent="RotationAnimator/Node3D"]
transform = Transform3D(0.965926, 0, 0.258819, 0, 1, 0, -0.258819, 0, 0.965926, 0, 0, 0)
target_position = Vector3(0, 0, -0.97)
collision_mask = 3
collide_with_areas = true
debug_shape_custom_color = Color(1, 0.447059, 0, 1)

[node name="RayCast3D17" type="RayCast3D" parent="RotationAnimator/Node3D"]
transform = Transform3D(0.984808, 0, 0.173648, 0, 1, 0, -0.173648, 0, 0.984808, 0, 0, 0)
target_position = Vector3(0, 0, -0.98)
collision_mask = 3
collide_with_areas = true
debug_shape_custom_color = Color(1, 0.447059, 0, 1)

[node name="RayCast3D18" type="RayCast3D" parent="RotationAnimator/Node3D"]
transform = Transform3D(0.996195, 0, 0.0871557, 0, 1, 0, -0.0871557, 0, 0.996195, 0, 0, 0)
target_position = Vector3(0, 0, -0.99)
collision_mask = 3
collide_with_areas = true
debug_shape_custom_color = Color(1, 0.447059, 0, 1)

[node name="middle" type="RayCast3D" parent="RotationAnimator/Node3D"]
target_position = Vector3(0, 0, -1)
collision_mask = 3
collide_with_areas = true
debug_shape_custom_color = Color(1, 0.447059, 0, 1)

[node name="RayCast3D19" type="RayCast3D" parent="RotationAnimator/Node3D"]
transform = Transform3D(-4.37114e-08, 0, -1, 0, 1, 0, 1, 0, -4.37114e-08, 0, 0, 0)
target_position = Vector3(0, 0, -0.25)
collision_mask = 3
collide_with_areas = true
debug_shape_custom_color = Color(1, 0.447059, 0, 1)

[node name="RayCast3D20" type="RayCast3D" parent="RotationAnimator/Node3D"]
transform = Transform3D(0.0871558, 0, -0.996195, 0, 1, 0, 0.996195, 0, 0.0871558, 0, 0, 0)
target_position = Vector3(0, 0, -0.25)
collision_mask = 3
collide_with_areas = true
debug_shape_custom_color = Color(1, 0.447059, 0, 1)

[node name="RayCast3D21" type="RayCast3D" parent="RotationAnimator/Node3D"]
transform = Transform3D(0.173648, 0, -0.984808, 0, 1, 0, 0.984808, 0, 0.173648, 0, 0, 0)
target_position = Vector3(0, 0, -0.25)
collision_mask = 3
collide_with_areas = true
debug_shape_custom_color = Color(1, 0.447059, 0, 1)

[node name="RayCast3D22" type="RayCast3D" parent="RotationAnimator/Node3D"]
transform = Transform3D(0.258819, 0, -0.965926, 0, 1, 0, 0.965926, 0, 0.258819, 0, 0, 0)
target_position = Vector3(0, 0, -0.26)
collision_mask = 3
collide_with_areas = true
debug_shape_custom_color = Color(1, 0.447059, 0, 1)

[node name="RayCast3D23" type="RayCast3D" parent="RotationAnimator/Node3D"]
transform = Transform3D(0.34202, 0, -0.939693, 0, 1, 0, 0.939693, 0, 0.34202, 0, 0, 0)
target_position = Vector3(0, 0, -0.34)
collision_mask = 3
collide_with_areas = true
debug_shape_custom_color = Color(1, 0.447059, 0, 1)

[node name="RayCast3D24" type="RayCast3D" parent="RotationAnimator/Node3D"]
transform = Transform3D(0.422618, 0, -0.906308, 0, 1, 0, 0.906308, 0, 0.422618, 0, 0, 0)
target_position = Vector3(0, 0, -0.42)
collision_mask = 3
collide_with_areas = true
debug_shape_custom_color = Color(1, 0.447059, 0, 1)

[node name="RayCast3D25" type="RayCast3D" parent="RotationAnimator/Node3D"]
transform = Transform3D(0.5, 0, -0.866025, 0, 1, 0, 0.866025, 0, 0.5, 0, 0, 0)
target_position = Vector3(0, 0, -0.5)
collision_mask = 3
collide_with_areas = true
debug_shape_custom_color = Color(1, 0.447059, 0, 1)

[node name="RayCast3D26" type="RayCast3D" parent="RotationAnimator/Node3D"]
transform = Transform3D(0.573576, 0, -0.819152, 0, 1, 0, 0.819152, 0, 0.573576, 0, 0, 0)
target_position = Vector3(0, 0, -0.57)
collision_mask = 3
collide_with_areas = true
debug_shape_custom_color = Color(1, 0.447059, 0, 1)

[node name="RayCast3D27" type="RayCast3D" parent="RotationAnimator/Node3D"]
transform = Transform3D(0.642788, 0, -0.766044, 0, 1, 0, 0.766044, 0, 0.642788, 0, 0, 0)
target_position = Vector3(0, 0, -0.64)
collision_mask = 3
collide_with_areas = true
debug_shape_custom_color = Color(1, 0.447059, 0, 1)

[node name="RayCast3D28" type="RayCast3D" parent="RotationAnimator/Node3D"]
transform = Transform3D(0.707107, 0, -0.707107, 0, 1, 0, 0.707107, 0, 0.707107, 0, 0, 0)
target_position = Vector3(0, 0, -0.71)
collision_mask = 3
collide_with_areas = true
debug_shape_custom_color = Color(1, 0.447059, 0, 1)

[node name="RayCast3D29" type="RayCast3D" parent="RotationAnimator/Node3D"]
transform = Transform3D(0.766044, 0, -0.642788, 0, 1, 0, 0.642788, 0, 0.766044, 0, 0, 0)
target_position = Vector3(0, 0, -0.77)
collision_mask = 3
collide_with_areas = true
debug_shape_custom_color = Color(1, 0.447059, 0, 1)

[node name="RayCast3D30" type="RayCast3D" parent="RotationAnimator/Node3D"]
transform = Transform3D(0.819152, 0, -0.573576, 0, 1, 0, 0.573576, 0, 0.819152, 0, 0, 0)
target_position = Vector3(0, 0, -0.82)
collision_mask = 3
collide_with_areas = true
debug_shape_custom_color = Color(1, 0.447059, 0, 1)

[node name="RayCast3D31" type="RayCast3D" parent="RotationAnimator/Node3D"]
transform = Transform3D(0.866025, 0, -0.5, 0, 1, 0, 0.5, 0, 0.866025, 0, 0, 0)
target_position = Vector3(0, 0, -0.87)
collision_mask = 3
collide_with_areas = true
debug_shape_custom_color = Color(1, 0.447059, 0, 1)

[node name="RayCast3D32" type="RayCast3D" parent="RotationAnimator/Node3D"]
transform = Transform3D(0.906308, 0, -0.422618, 0, 1, 0, 0.422618, 0, 0.906308, 0, 0, 0)
target_position = Vector3(0, 0, -0.91)
collision_mask = 3
collide_with_areas = true
debug_shape_custom_color = Color(1, 0.447059, 0, 1)

[node name="RayCast3D33" type="RayCast3D" parent="RotationAnimator/Node3D"]
transform = Transform3D(0.939693, 0, -0.34202, 0, 1, 0, 0.34202, 0, 0.939693, 0, 0, 0)
target_position = Vector3(0, 0, -0.94)
collision_mask = 3
collide_with_areas = true
debug_shape_custom_color = Color(1, 0.447059, 0, 1)

[node name="RayCast3D34" type="RayCast3D" parent="RotationAnimator/Node3D"]
transform = Transform3D(0.965926, 0, -0.258819, 0, 1, 0, 0.258819, 0, 0.965926, 0, 0, 0)
target_position = Vector3(0, 0, -0.97)
collision_mask = 3
collide_with_areas = true
debug_shape_custom_color = Color(1, 0.447059, 0, 1)

[node name="RayCast3D35" type="RayCast3D" parent="RotationAnimator/Node3D"]
transform = Transform3D(0.984808, 0, -0.173648, 0, 1, 0, 0.173648, 0, 0.984808, 0, 0, 0)
target_position = Vector3(0, 0, -0.98)
collision_mask = 3
collide_with_areas = true
debug_shape_custom_color = Color(1, 0.447059, 0, 1)

[node name="RayCast3D36" type="RayCast3D" parent="RotationAnimator/Node3D"]
transform = Transform3D(0.996195, 0, -0.0871557, 0, 1, 0, 0.0871557, 0, 0.996195, 0, 0, 0)
target_position = Vector3(0, 0, -0.99)
collision_mask = 3
collide_with_areas = true
debug_shape_custom_color = Color(1, 0.447059, 0, 1)

[node name="SIZE REFERENCE FLOOR CUBE" type="MeshInstance3D" parent="."]
transform = Transform3D(1, 0, 0, 0, 1, 0, 0, 0, 1, 0, -1, 0)
visible = false
mesh = SubResource("BoxMesh_m4837")
